A.S.
 &SALGEB BORN='NO ' RAD='NO ' CUP='LS ' MXVORB=51 MXCONF=41 NAST=0 KORB1= 0 KORB2= 0 KUTSS=-1 KUTSO= 0 KUTOO= 0 &END
  1  0  2  0  2  1  3  0  3  1  3  2  4  0  4  1  4  2  4  3  5  0  5  1  5  2  5  3  5  4  6  0  6  1  6  2  6  3  6  4  7  0  8  0 9  0  10  0  11  0  7  1  8  1 9  1  10  1  11  1 7  2  8  2 9  2  10  2  11  2  7  3  8  3  9  3  10  3  11  3  7  4  8  4  9  4  10  4  11  4  6  5  7  5  8  5  9  5  10  5  11  5
  2  2  6  2  6 10  2  6 10 14  2  6  4  0  0  1  0  0  0  0  0  0  0  0  0  0  0  0  0  0  0  0  0  0  0  0  0  0  0  0  0  0  0  0  0  0  0  0  0  0  0
  2  2  6  2  6 10  2  6 10 14  2  6  3  0  0  2  0  0  0  0  0  0  0  0  0  0  0  0  0  0  0  0  0  0  0  0  0  0  0  0  0  0  0  0  0  0  0  0  0  0  0
  2  2  6  2  6 10  2  6 10 14  2  4  5  0  0  2  0  0  0  0  0  0  0  0  0  0  0  0  0  0  0  0  0  0  0  0  0  0  0  0  0  0  0  0  0  0  0  0  0  0  0
  2  2  6  2  6 10  2  6 10 14  2  6  5  0  0  0  0  0  0  0  0  0  0  0  0  0  0  0  0  0  0  0  0  0  0  0  0  0  0  0  0  0  0  0  0  0  0  0  0  0  0
  2  2  6  2  6 10  2  6 10 14  2  6  2  1  0  2  0  0  0  0  0  0  0  0  0  0  0  0  0  0  0  0  0  0  0  0  0  0  0  0  0  0  0  0  0  0  0  0  0  0  0
  2  2  6  2  6 10  2  6 10 14  2  6  2  0  1  2  0  0  0  0  0  0  0  0  0  0  0  0  0  0  0  0  0  0  0  0  0  0  0  0  0  0  0  0  0  0  0  0  0  0  0
  2  2  6  2  6 10  2  6 10 14  2  6  2  0  0  2  1  0  0  0  0  0  0  0  0  0  0  0  0  0  0  0  0  0  0  0  0  0  0  0  0  0  0  0  0  0  0  0  0  0  0
  2  2  6  2  6 10  2  6 10 14  2  6  2  0  0  2  0  1  0  0  0  0  0  0  0  0  0  0  0  0  0  0  0  0  0  0  0  0  0  0  0  0  0  0  0  0  0  0  0  0  0
  2  2  6  2  6 10  2  6 10 14  2  6  2  0  0  2  0  0  1  0  0  0  0  0  0  0  0  0  0  0  0  0  0  0  0  0  0  0  0  0  0  0  0  0  0  0  0  0  0  0  0
  2  2  6  2  6 10  2  6 10 14  2  6  2  0  0  2  0  0  0  1  0  0  0  0  0  0  0  0  0  0  0  0  0  0  0  0  0  0  0  0  0  0  0  0  0  0  0  0  0  0  0
  2  2  6  2  6 10  2  6 10 14  2  6  2  0  0  2  0  0  0  0  1  0  0  0  0  0  0  0  0  0  0  0  0  0  0  0  0  0  0  0  0  0  0  0  0  0  0  0  0  0  0
  2  2  6  2  6 10  2  6 10 14  2  6  2  0  0  2  0  0  0  0  0  1  0  0  0  0  0  0  0  0  0  0  0  0  0  0  0  0  0  0  0  0  0  0  0  0  0  0  0  0  0
  2  2  6  2  6 10  2  6 10 14  2  6  2  0  0  2  0  0  0  0  0  0  1  0  0  0  0  0  0  0  0  0  0  0  0  0  0  0  0  0  0  0  0  0  0  0  0  0  0  0  0
  2  2  6  2  6 10  2  6 10 14  2  6  2  0  0  2  0  0  0  0  0  0  0  1  0  0  0  0  0  0  0  0  0  0  0  0  0  0  0  0  0  0  0  0  0  0  0  0  0  0  0
  2  2  6  2  6 10  2  6 10 14  2  6  2  0  0  2  0  0  0  0  0  0  0  0  1  0  0  0  0  0  0  0  0  0  0  0  0  0  0  0  0  0  0  0  0  0  0  0  0  0  0
  2  2  6  2  6 10  2  6 10 14  2  6  2  0  0  2  0  0  0  0  0  0  0  0  0  1  0  0  0  0  0  0  0  0  0  0  0  0  0  0  0  0  0  0  0  0  0  0  0  0  0
  2  2  6  2  6 10  2  6 10 14  2  6  2  0  0  2  0  0  0  0  0  0  0  0  0  0  1  0  0  0  0  0  0  0  0  0  0  0  0  0  0  0  0  0  0  0  0  0  0  0  0
  2  2  6  2  6 10  2  6 10 14  2  6  2  0  0  2  0  0  0  0  0  0  0  0  0  0  0  1  0  0  0  0  0  0  0  0  0  0  0  0  0  0  0  0  0  0  0  0  0  0  0
  2  2  6  2  6 10  2  6 10 14  2  6  2  0  0  2  0  0  0  0  0  0  0  0  0  0  0  0  1  0  0  0  0  0  0  0  0  0  0  0  0  0  0  0  0  0  0  0  0  0  0
  2  2  6  2  6 10  2  6 10 14  2  6  2  0  0  2  0  0  0  0  0  0  0  0  0  0  0  0  0  1  0  0  0  0  0  0  0  0  0  0  0  0  0  0  0  0  0  0  0  0  0
  2  2  6  2  6 10  2  6 10 14  2  6  2  0  0  2  0  0  0  0  0  0  0  0  0  0  0  0  0  0  1  0  0  0  0  0  0  0  0  0  0  0  0  0  0  0  0  0  0  0  0
  2  2  6  2  6 10  2  6 10 14  2  6  2  0  0  2  0  0  0  0  0  0  0  0  0  0  0  0  0  0  0  1  0  0  0  0  0  0  0  0  0  0  0  0  0  0  0  0  0  0  0
  2  2  6  2  6 10  2  6 10 14  2  6  2  0  0  2  0  0  0  0  0  0  0  0  0  0  0  0  0  0  0  0  1  0  0  0  0  0  0  0  0  0  0  0  0  0  0  0  0  0  0
  2  2  6  2  6 10  2  6 10 14  2  6  2  0  0  2  0  0  0  0  0  0  0  0  0  0  0  0  0  0  0  0  0  1  0  0  0  0  0  0  0  0  0  0  0  0  0  0  0  0  0
  2  2  6  2  6 10  2  6 10 14  2  6  2  0  0  2  0  0  0  0  0  0  0  0  0  0  0  0  0  0  0  0  0  0  1  0  0  0  0  0  0  0  0  0  0  0  0  0  0  0  0
  2  2  6  2  6 10  2  6 10 14  2  6  2  0  0  2  0  0  0  0  0  0  0  0  0  0  0  0  0  0  0  0  0  0  0  1  0  0  0  0  0  0  0  0  0  0  0  0  0  0  0
  2  2  6  2  6 10  2  6 10 14  2  6  2  0  0  2  0  0  0  0  0  0  0  0  0  0  0  0  0  0  0  0  0  0  0  0  1  0  0  0  0  0  0  0  0  0  0  0  0  0  0
  2  2  6  2  6 10  2  6 10 14  2  6  2  0  0  2  0  0  0  0  0  0  0  0  0  0  0  0  0  0  0  0  0  0  0  0  0  1  0  0  0  0  0  0  0  0  0  0  0  0  0
  2  2  6  2  6 10  2  6 10 14  2  6  2  0  0  2  0  0  0  0  0  0  0  0  0  0  0  0  0  0  0  0  0  0  0  0  0  0  1  0  0  0  0  0  0  0  0  0  0  0  0
  2  2  6  2  6 10  2  6 10 14  2  6  2  0  0  2  0  0  0  0  0  0  0  0  0  0  0  0  0  0  0  0  0  0  0  0  0  0  0  1  0  0  0  0  0  0  0  0  0  0  0
  2  2  6  2  6 10  2  6 10 14  2  6  2  0  0  2  0  0  0  0  0  0  0  0  0  0  0  0  0  0  0  0  0  0  0  0  0  0  0  0  1  0  0  0  0  0  0  0  0  0  0
  2  2  6  2  6 10  2  6 10 14  2  6  2  0  0  2  0  0  0  0  0  0  0  0  0  0  0  0  0  0  0  0  0  0  0  0  0  0  0  0  0  1  0  0  0  0  0  0  0  0  0
  2  2  6  2  6 10  2  6 10 14  2  6  2  0  0  2  0  0  0  0  0  0  0  0  0  0  0  0  0  0  0  0  0  0  0  0  0  0  0  0  0  0  1  0  0  0  0  0  0  0  0
  2  2  6  2  6 10  2  6 10 14  2  6  2  0  0  2  0  0  0  0  0  0  0  0  0  0  0  0  0  0  0  0  0  0  0  0  0  0  0  0  0  0  0  1  0  0  0  0  0  0  0
  2  2  6  2  6 10  2  6 10 14  2  6  2  0  0  2  0  0  0  0  0  0  0  0  0  0  0  0  0  0  0  0  0  0  0  0  0  0  0  0  0  0  0  0  1  0  0  0  0  0  0
  2  2  6  2  6 10  2  6 10 14  2  6  2  0  0  2  0  0  0  0  0  0  0  0  0  0  0  0  0  0  0  0  0  0  0  0  0  0  0  0  0  0  0  0  0  1  0  0  0  0  0
  2  2  6  2  6 10  2  6 10 14  2  6  2  0  0  2  0  0  0  0  0  0  0  0  0  0  0  0  0  0  0  0  0  0  0  0  0  0  0  0  0  0  0  0  0  0  1  0  0  0  0
  2  2  6  2  6 10  2  6 10 14  2  6  2  0  0  2  0  0  0  0  0  0  0  0  0  0  0  0  0  0  0  0  0  0  0  0  0  0  0  0  0  0  0  0  0  0  0  1  0  0  0
  2  2  6  2  6 10  2  6 10 14  2  6  2  0  0  2  0  0  0  0  0  0  0  0  0  0  0  0  0  0  0  0  0  0  0  0  0  0  0  0  0  0  0  0  0  0  0  0  1  0  0
  2  2  6  2  6 10  2  6 10 14  2  6  2  0  0  2  0  0  0  0  0  0  0  0  0  0  0  0  0  0  0  0  0  0  0  0  0  0  0  0  0  0  0  0  0  0  0  0  0  1  0
  2  2  6  2  6 10  2  6 10 14  2  6  2  0  0  2  0  0  0  0  0  0  0  0  0  0  0  0  0  0  0  0  0  0  0  0  0  0  0  0  0  0  0  0  0  0  0  0  0  0  1
 &SMINIM NZION=74 NLAM=51 ORTHOG='LPS' RADOUT='YES' MSTEP=11 &END            
1.39098  1.13170  1.08440  1.07701  1.05743
1.04124  1.03131  1.02228  1.00507  0.99319
0.97918  0.98259  0.9833  -1.000 -1.00000
1.00000  1.00000  1.000  -1.000 -1.000
-1.0 -1.0 -1.0 -1.0 -1.0
-1.0 -1.0 -1.0 -1.0 -1.0 
-1.0 -1.0 -1.0 -1.0 -1.0
-1.0 -1.0 -1.0 -1.0 -1.0
-1.0 -1.0 -1.0 -1.0 -1.0 
-1.0 -1.0 -1.0 -1.0 -1.0
-1.0
 &SRADWIN &END
